[[5, 1, 2, 6, 4, 3], [1, 2, 4, 5, 3, 6], [6, 5, 3, 4, 1, 2], [3, 4, 1, 2, 6, 5], [2, 3, 6, 1, 5, 4], [4, 6, 5, 3, 2, 1]]
{((5, 0), (5, 1)): (24, '*'), ((5, 2),): (5, '.'), ((1, 5),): (6, '.'), ((1, 4),): (3, '.'), ((4, 2),): (6, '.'), ((4, 3),): (1, '.'), ((3, 0), (3, 1)): (1, '-'), ((1, 3),): (5, '.'), ((0, 4), (0, 5)): (1, '-'), ((4, 4), (4, 5), (3, 4)): (15, '+'), ((0, 1), (0, 0)): (6, '+'), ((4, 1),): (3, '.'), ((5, 4), (5, 3)): (5, '+'), ((0, 3), (0, 2)): (3, '/'), ((5, 5),): (1, '.'), ((2, 0),): (6, '.'), ((3, 3), (3, 2)): (2, '*'), ((1, 0),): (1, '.'), ((2, 4), (2, 5), (3, 5)): (8, '+'), ((4, 0),): (2, '.'), ((2, 2), (2, 1)): (15, '*'), ((1, 2), (1, 1)): (2, '-'), ((2, 3),): (4, '.')}
2
154
[[6, 4, 3, 2, 1, 5], [3, 5, 4, 1, 6, 2], [1, 2, 6, 5, 3, 4], [5, 6, 2, 3, 4, 1], [4, 1, 5, 6, 2, 3], [2, 3, 1, 4, 5, 6]]
{((3, 1), (3, 2), (3, 0)): (13, '+'), ((5, 3), (5, 2)): (4, '*'), ((2, 1), (2, 0)): (1, '-'), ((0, 1), (0, 0), (0, 2)): (72, '*'), ((1, 0),): (3, '.'), ((2, 2),): (6, '.'), ((4, 1), (5, 1)): (3, '/'), ((1, 1),): (5, '.'), ((4, 5),): (3, '.'), ((4, 4), (3, 4)): (2, '/'), ((1, 5), (1, 4), (0, 5)): (13, '+'), ((3, 3), (4, 3), (2, 3)): (90, '*'), ((2, 5), (3, 5)): (4, '/'), ((1, 3), (1, 2)): (4, '/'), ((0, 4), (0, 3)): (3, '+'), ((5, 4), (5, 5)): (11, '+'), ((5, 0), (4, 0)): (2, '/'), ((2, 4),): (3, '.'), ((4, 2),): (5, '.')}
5
258
[[5, 1, 4, 6, 2, 3], [1, 6, 2, 5, 3, 4], [6, 2, 3, 1, 4, 5], [3, 4, 5, 2, 6, 1], [2, 3, 1, 4, 5, 6], [4, 5, 6, 3, 1, 2]]
{((4, 0), (4, 1)): (5, '+'), ((5, 3), (5, 2)): (9, '+'), ((3, 3), (3, 2)): (3, '-'), ((0, 4), (0, 3)): (3, '/'), ((5, 5), (5, 4)): (1, '-'), ((3, 4),): (6, '.'), ((3, 1), (3, 0)): (12, '*'), ((1, 2), (0, 2)): (2, '/'), ((2, 4), (2, 3)): (5, '+'), ((4, 2),): (1, '.'), ((1, 0), (0, 0)): (5, '/'), ((1, 1), (0, 1)): (6, '*'), ((2, 5), (3, 5)): (5, '/'), ((2, 2),): (3, '.'), ((0, 5), (1, 5)): (7, '+'), ((4, 5), (4, 4), (4, 3)): (15, '+'), ((1, 3),): (5, '.'), ((2, 0), (2, 1)): (3, '/'), ((1, 4),): (3, '.'), ((5, 1),): (5, '.'), ((5, 0),): (4, '.')}
6
252
[[2, 3, 6, 4, 1, 5], [4, 5, 1, 6, 2, 3], [5, 1, 2, 3, 6, 4], [6, 2, 4, 5, 3, 1], [1, 4, 3, 2, 5, 6], [3, 6, 5, 1, 4, 2]]
{((2, 3), (1, 3)): (2, '/'), ((5, 3), (5, 2)): (5, '/'), ((5, 1), (5, 0)): (3, '-'), ((4, 1), (3, 1)): (2, '/'), ((1, 1), (2, 1)): (6, '+'), ((1, 0),): (4, '.'), ((2, 2),): (2, '.'), ((4, 2), (4, 3)): (5, '+'), ((2, 5), (2, 4)): (2, '-'), ((4, 5), (3, 5)): (6, '*'), ((5, 5), (5, 4)): (2, '-'), ((0, 3), (0, 4)): (4, '*'), ((3, 2),): (4, '.'), ((3, 0), (4, 0)): (5, '-'), ((2, 0),): (5, '.'), ((3, 3), (3, 4), (4, 4)): (75, '*'), ((0, 5), (1, 5), (1, 4)): (10, '+'), ((0, 1), (0, 0)): (1, '-'), ((1, 2), (0, 2)): (6, '/')}
6
204
