[[2, 1, 3, 4, 6, 7, 5], [5, 7, 1, 3, 4, 2, 6], [3, 4, 2, 5, 7, 6, 1], [7, 5, 6, 1, 2, 3, 4], [1, 6, 5, 2, 3, 4, 7], [4, 3, 7, 6, 1, 5, 2], [6, 2, 4, 7, 5, 1, 3]]
{((1, 2),): (1, '.'), ((1, 6), (1, 5), (0, 6)): (60, '*'), ((3, 4),): (2, '.'), ((2, 6),): (1, '.'), ((5, 3), (4, 3)): (4, '-'), ((1, 0), (2, 0)): (2, '-'), ((4, 1), (5, 1)): (2, '/'), ((0, 3),): (4, '.'), ((4, 0), (3, 0)): (7, '*'), ((1, 1), (0, 1), (0, 2)): (11, '+'), ((2, 2),): (2, '.'), ((5, 4),): (1, '.'), ((4, 5), (4, 4)): (1, '-'), ((6, 6),): (3, '.'), ((3, 2), (3, 3)): (7, '+'), ((4, 6), (5, 6), (5, 5)): (14, '+'), ((2, 4),): (7, '.'), ((3, 5), (2, 5)): (9, '+'), ((5, 2), (6, 2), (4, 2)): (140, '*'), ((2, 1),): (4, '.'), ((1, 3), (1, 4)): (1, '-'), ((5, 0),): (4, '.'), ((3, 6),): (4, '.'), ((0, 0),): (2, '.'), ((0, 4),): (6, '.'), ((3, 1),): (5, '.'), ((2, 3),): (5, '.'), ((6, 0), (6, 1)): (4, '-'), ((6, 4), (6, 3), (6, 5)): (35, '*'), ((0, 5),): (7, '.')}
1
513
[[6, 3, 7, 5, 1, 2, 4], [4, 6, 3, 2, 7, 1, 5], [5, 4, 2, 7, 3, 6, 1], [2, 7, 1, 4, 5, 3, 6], [1, 2, 5, 6, 4, 7, 3], [7, 1, 4, 3, 6, 5, 2], [3, 5, 6, 1, 2, 4, 7]]
{((3, 6), (2, 6), (2, 5)): (13, '+'), ((0, 2), (0, 1), (1, 2)): (13, '+'), ((2, 3), (2, 2), (2, 1)): (56, '*'), ((1, 1),): (6, '.'), ((4, 2),): (5, '.'), ((0, 0), (1, 0), (2, 0)): (15, '+'), ((4, 3),): (6, '.'), ((5, 4),): (6, '.'), ((0, 6), (0, 5)): (2, '/'), ((6, 6),): (7, '.'), ((3, 2), (3, 3)): (4, '/'), ((1, 6), (1, 5)): (4, '-'), ((1, 4), (2, 4)): (4, '-'), ((6, 5), (6, 4)): (2, '/'), ((4, 1),): (2, '.'), ((4, 4), (4, 5)): (3, '-'), ((3, 4), (3, 5)): (2, '-'), ((6, 1), (5, 1)): (5, '/'), ((6, 3),): (1, '.'), ((5, 6), (5, 5), (4, 6)): (30, '*'), ((5, 2), (5, 3)): (12, '*'), ((5, 0), (6, 0)): (10, '+'), ((0, 3), (1, 3), (0, 4)): (10, '*'), ((3, 0), (4, 0)): (1, '-'), ((3, 1),): (7, '.'), ((6, 2),): (6, '.')}
5
679
[[6, 3, 5, 2, 1, 7, 4], [2, 7, 3, 5, 4, 1, 6], [1, 5, 4, 7, 6, 2, 3], [3, 1, 7, 4, 5, 6, 2], [7, 2, 6, 1, 3, 4, 5], [4, 6, 1, 3, 2, 5, 7], [5, 4, 2, 6, 7, 3, 1]]
{((4, 3), (4, 2)): (6, '*'), ((3, 4),): (5, '.'), ((5, 4), (4, 4)): (5, '+'), ((1, 5),): (1, '.'), ((2, 4), (2, 5)): (3, '/'), ((6, 0),): (5, '.'), ((4, 5), (4, 6)): (1, '-'), ((2, 1), (2, 2)): (1, '-'), ((6, 1), (6, 2)): (6, '+'), ((3, 5),): (6, '.'), ((1, 0), (0, 0), (2, 0)): (12, '*'), ((2, 3), (3, 3)): (11, '+'), ((5, 6), (5, 5)): (35, '*'), ((0, 1),): (3, '.'), ((6, 4), (6, 3)): (13, '+'), ((3, 2), (3, 1)): (7, '/'), ((4, 1), (5, 1)): (3, '/'), ((1, 3), (0, 3)): (3, '-'), ((0, 4), (1, 4), (0, 5)): (12, '+'), ((5, 2), (5, 3)): (3, '/'), ((1, 6), (0, 6), (2, 6)): (72, '*'), ((3, 6),): (2, '.'), ((0, 2), (1, 2), (1, 1)): (15, '+'), ((4, 0), (5, 0), (3, 0)): (84, '*'), ((6, 5), (6, 6)): (3, '/')}
7
998
[[3, 2, 4, 6, 7, 5, 1], [6, 4, 1, 5, 2, 7, 3], [7, 3, 2, 1, 5, 4, 6], [4, 1, 5, 2, 3, 6, 7], [2, 7, 6, 3, 4, 1, 5], [5, 6, 3, 7, 1, 2, 4], [1, 5, 7, 4, 6, 3, 2]]
{((4, 3), (4, 2)): (3, '-'), ((3, 4),): (3, '.'), ((2, 6),): (6, '.'), ((5, 3), (6, 3)): (28, '*'), ((0, 2), (1, 2)): (4, '/'), ((2, 4), (1, 4)): (7, '+'), ((2, 0), (2, 1), (3, 1)): (11, '+'), ((4, 1), (5, 1)): (13, '+'), ((6, 4), (5, 4)): (6, '/'), ((2, 5),): (4, '.'), ((3, 5),): (6, '.'), ((4, 4),): (4, '.'), ((0, 4), (0, 3)): (42, '*'), ((6, 5), (6, 6)): (1, '-'), ((4, 6), (4, 5)): (5, '/'), ((1, 6),): (3, '.'), ((5, 6),): (4, '.'), ((3, 2), (2, 2)): (7, '+'), ((5, 5),): (2, '.'), ((1, 1), (0, 1)): (2, '-'), ((0, 0), (1, 0)): (18, '*'), ((0, 6), (0, 5), (1, 5)): (13, '+'), ((3, 6),): (7, '.'), ((1, 3), (2, 3)): (5, '/'), ((3, 3),): (2, '.'), ((3, 0), (4, 0)): (2, '/'), ((6, 0), (6, 1), (5, 0)): (11, '+'), ((5, 2), (6, 2)): (10, '+')}
7
537
