[[5, 2, 6, 7, 1, 3, 4, 8], [8, 1, 2, 6, 4, 5, 7, 3], [2, 5, 3, 1, 7, 8, 6, 4], [7, 3, 5, 4, 8, 1, 2, 6], [6, 7, 1, 8, 2, 4, 3, 5], [1, 6, 4, 5, 3, 7, 8, 2], [3, 4, 8, 2, 5, 6, 1, 7], [4, 8, 7, 3, 6, 2, 5, 1]]
{((2, 6), (3, 6)): (4, '-'), ((3, 4),): (8, '.'), ((4, 5),): (4, '.'), ((7, 4),): (6, '.'), ((7, 1), (6, 1)): (12, '+'), ((5, 2), (4, 2)): (4, '/'), ((2, 5),): (8, '.'), ((0, 7), (0, 6)): (4, '-'), ((7, 3),): (3, '.'), ((5, 4),): (3, '.'), ((7, 7), (6, 7)): (7, '/'), ((1, 3),): (6, '.'), ((7, 2),): (7, '.'), ((3, 5),): (1, '.'), ((5, 1),): (6, '.'), ((1, 1), (1, 2), (0, 1), (2, 1)): (10, '+'), ((7, 5),): (2, '.'), ((2, 4),): (7, '.'), ((1, 6),): (7, '.'), ((2, 3), (2, 2)): (2, '-'), ((2, 7),): (4, '.'), ((6, 3), (5, 3)): (3, '-'), ((7, 6), (6, 6)): (4, '-'), ((5, 7), (4, 7), (5, 6), (4, 6)): (18, '+'), ((0, 3), (0, 2)): (1, '-'), ((4, 1), (4, 0)): (42, '*'), ((7, 0),): (4, '.'), ((5, 5),): (7, '.'), ((6, 0),): (3, '.'), ((3, 3), (3, 2)): (9, '+'), ((3, 7),): (6, '.'), ((1, 0),): (8, '.'), ((2, 0), (3, 0)): (5, '-'), ((5, 0),): (1, '.'), ((6, 4),): (5, '.'), ((0, 4), (1, 4), (1, 5)): (20, '*'), ((1, 7),): (3, '.'), ((0, 0),): (5, '.'), ((6, 5),): (6, '.'), ((4, 4), (4, 3)): (4, '/'), ((3, 1),): (3, '.'), ((6, 2),): (8, '.'), ((0, 5),): (3, '.')}
1
713
[[6, 2, 3, 4, 5, 8, 1, 7], [3, 6, 8, 7, 1, 4, 5, 2], [5, 7, 1, 8, 6, 2, 3, 4], [8, 3, 4, 1, 7, 6, 2, 5], [4, 5, 6, 3, 2, 1, 7, 8], [2, 1, 7, 5, 8, 3, 4, 6], [1, 8, 5, 2, 4, 7, 6, 3], [7, 4, 2, 6, 3, 5, 8, 1]]
{((1, 0), (2, 0)): (2, '-'), ((4, 5),): (1, '.'), ((5, 3), (5, 4), (6, 3)): (80, '*'), ((7, 4),): (3, '.'), ((7, 1), (6, 1)): (2, '/'), ((7, 6),): (8, '.'), ((1, 3), (0, 3)): (3, '-'), ((1, 2), (2, 2)): (8, '/'), ((3, 6), (2, 6)): (1, '-'), ((0, 7), (0, 6)): (7, '/'), ((4, 3),): (3, '.'), ((7, 3),): (6, '.'), ((1, 1), (0, 1), (0, 2)): (11, '+'), ((7, 2),): (2, '.'), ((4, 4),): (2, '.'), ((6, 6), (6, 7), (7, 7)): (10, '+'), ((2, 3), (3, 3), (3, 4), (3, 2)): (20, '+'), ((7, 5),): (5, '.'), ((5, 1), (4, 1)): (4, '-'), ((2, 4),): (6, '.'), ((3, 5), (2, 5)): (8, '+'), ((7, 0),): (7, '.'), ((5, 5),): (3, '.'), ((6, 0),): (1, '.'), ((1, 4), (0, 4)): (5, '/'), ((2, 1),): (7, '.'), ((3, 7),): (5, '.'), ((5, 0),): (2, '.'), ((1, 6), (1, 7), (2, 7)): (40, '*'), ((3, 0), (3, 1), (4, 0)): (96, '*'), ((6, 4),): (4, '.'), ((4, 7),): (8, '.'), ((4, 2),): (6, '.'), ((0, 0),): (6, '.'), ((6, 5),): (7, '.'), ((5, 6), (4, 6)): (28, '*'), ((5, 7),): (6, '.'), ((0, 5), (1, 5)): (2, '/'), ((5, 2), (6, 2)): (2, '-')}
1
764
[[8, 4, 3, 6, 7, 5, 2, 1], [3, 6, 2, 1, 5, 4, 7, 8], [5, 8, 6, 7, 2, 3, 1, 4], [1, 3, 5, 2, 4, 6, 8, 7], [6, 2, 4, 8, 1, 7, 5, 3], [4, 5, 7, 3, 8, 1, 6, 2], [7, 1, 8, 5, 3, 2, 4, 6], [2, 7, 1, 4, 6, 8, 3, 5]]
{((0, 6),): (2, '.'), ((6, 4), (7, 4)): (2, '/'), ((3, 3), (3, 2), (2, 2), (4, 3)): (21, '+'), ((2, 4), (1, 4)): (10, '*'), ((0, 3),): (6, '.'), ((0, 4),): (7, '.'), ((5, 4),): (8, '.'), ((0, 7),): (1, '.'), ((5, 3),): (3, '.'), ((3, 1), (3, 0)): (3, '/'), ((4, 4),): (1, '.'), ((5, 2), (4, 2), (5, 1), (6, 1)): (17, '+'), ((6, 6),): (4, '.'), ((2, 3), (1, 3)): (6, '-'), ((5, 7), (5, 6)): (4, '-'), ((7, 2), (7, 3), (6, 2)): (32, '*'), ((0, 2), (0, 1)): (1, '-'), ((7, 0), (6, 0)): (14, '*'), ((6, 3),): (5, '.'), ((1, 1), (1, 2)): (12, '*'), ((2, 0),): (5, '.'), ((0, 0), (1, 0)): (5, '-'), ((6, 7),): (6, '.'), ((2, 1),): (8, '.'), ((3, 7),): (7, '.'), ((3, 6),): (8, '.'), ((1, 6), (1, 7), (2, 7)): (19, '+'), ((4, 1), (4, 0)): (12, '*'), ((5, 0),): (4, '.'), ((2, 5), (3, 5), (1, 5), (3, 4)): (17, '+'), ((4, 7),): (3, '.'), ((7, 6), (7, 7)): (2, '-'), ((2, 6),): (1, '.'), ((7, 1),): (7, '.'), ((0, 5),): (5, '.'), ((7, 5), (6, 5)): (4, '/'), ((5, 5), (4, 5), (4, 6)): (35, '*')}
1
448
[[6, 7, 1, 3, 2, 5, 4, 8], [8, 2, 7, 5, 4, 6, 1, 3], [5, 8, 4, 1, 7, 3, 6, 2], [3, 6, 2, 7, 1, 8, 5, 4], [1, 3, 6, 4, 8, 2, 7, 5], [7, 1, 3, 8, 5, 4, 2, 6], [4, 5, 8, 2, 6, 1, 3, 7], [2, 4, 5, 6, 3, 7, 8, 1]]
{((5, 2),): (3, '.'), ((1, 1), (0, 1)): (9, '+'), ((7, 4), (6, 4)): (2, '/'), ((5, 3), (4, 3)): (4, '-'), ((2, 5), (1, 5)): (2, '/'), ((0, 6), (0, 7)): (4, '-'), ((0, 4),): (2, '.'), ((2, 0), (2, 1)): (3, '-'), ((3, 1), (3, 2)): (3, '/'), ((2, 2), (2, 3)): (4, '/'), ((5, 1),): (1, '.'), ((6, 1), (6, 0), (5, 0)): (16, '+'), ((6, 6),): (3, '.'), ((1, 2), (1, 3)): (2, '-'), ((1, 4), (2, 4)): (3, '-'), ((7, 7), (7, 6)): (8, '/'), ((1, 6), (1, 7)): (2, '-'), ((4, 0), (4, 1), (4, 2), (3, 0)): (13, '+'), ((0, 3), (0, 2)): (2, '-'), ((5, 6),): (2, '.'), ((7, 0),): (2, '.'), ((5, 5),): (4, '.'), ((6, 3),): (2, '.'), ((7, 2), (7, 1), (7, 3)): (120, '*'), ((3, 6), (3, 5), (4, 5), (3, 4)): (16, '+'), ((1, 0),): (8, '.'), ((2, 7), (2, 6), (3, 7)): (48, '*'), ((4, 6), (4, 7), (5, 7), (6, 7)): (25, '+'), ((4, 4), (5, 4)): (13, '+'), ((0, 0),): (6, '.'), ((3, 3),): (7, '.'), ((6, 2),): (8, '.'), ((7, 5), (6, 5)): (7, '/'), ((0, 5),): (5, '.')}
8
2503
[[1, 4, 2, 3, 8, 6, 7, 5], [5, 1, 3, 6, 2, 4, 8, 7], [8, 7, 6, 2, 4, 5, 3, 1], [7, 6, 4, 8, 5, 3, 1, 2], [2, 5, 7, 4, 3, 1, 6, 8], [3, 2, 1, 7, 6, 8, 5, 4], [4, 3, 8, 5, 1, 7, 2, 6], [6, 8, 5, 1, 7, 2, 4, 3]]
{((5, 1), (6, 1)): (1, '-'), ((1, 2),): (3, '.'), ((5, 2),): (1, '.'), ((1, 3), (2, 3)): (8, '+'), ((1, 1),): (1, '.'), ((5, 3), (6, 3)): (35, '*'), ((7, 7), (6, 7), (6, 6)): (11, '+'), ((4, 0), (5, 0)): (1, '-'), ((2, 7),): (1, '.'), ((1, 5), (1, 4)): (2, '-'), ((7, 0), (7, 1)): (2, '-'), ((7, 3),): (1, '.'), ((2, 2),): (6, '.'), ((3, 7), (3, 6)): (2, '/'), ((1, 0), (0, 0)): (5, '/'), ((7, 2),): (5, '.'), ((0, 7),): (5, '.'), ((4, 4),): (3, '.'), ((0, 4), (0, 3)): (11, '+'), ((3, 0), (2, 0)): (1, '-'), ((7, 5),): (2, '.'), ((2, 5), (2, 4)): (1, '-'), ((6, 5), (6, 4)): (6, '-'), ((0, 1),): (4, '.'), ((0, 2),): (2, '.'), ((5, 6),): (5, '.'), ((3, 3),): (8, '.'), ((6, 0),): (4, '.'), ((4, 6), (4, 7), (5, 7)): (18, '+'), ((2, 1),): (7, '.'), ((3, 4), (3, 5)): (2, '-'), ((1, 7),): (7, '.'), ((4, 2), (4, 3), (4, 1), (3, 2)): (20, '+'), ((2, 6),): (3, '.'), ((0, 6), (1, 6)): (1, '-'), ((7, 6),): (4, '.'), ((7, 4),): (7, '.'), ((3, 1),): (6, '.'), ((5, 4),): (6, '.'), ((6, 2),): (8, '.'), ((5, 5), (4, 5)): (8, '/'), ((0, 5),): (6, '.')}
1
1111
[[4, 2, 7, 3, 6, 1, 5, 8], [5, 8, 6, 1, 2, 4, 7, 3], [7, 6, 4, 2, 1, 8, 3, 5], [1, 5, 3, 6, 7, 2, 8, 4], [3, 7, 8, 5, 4, 6, 1, 2], [2, 4, 1, 8, 5, 3, 6, 7], [6, 3, 2, 7, 8, 5, 4, 1], [8, 1, 5, 4, 3, 7, 2, 6]]
{((7, 4), (6, 4), (7, 5), (7, 3)): (22, '+'), ((4, 3), (4, 2)): (3, '-'), ((5, 7), (6, 7)): (6, '-'), ((4, 5),): (6, '.'), ((0, 2), (1, 2)): (1, '-'), ((1, 5), (2, 5)): (32, '*'), ((2, 4), (1, 4)): (2, '/'), ((6, 2), (6, 1)): (1, '-'), ((6, 0),): (6, '.'), ((0, 7), (0, 6)): (40, '*'), ((0, 4), (0, 3), (0, 5), (1, 3)): (11, '+'), ((2, 7), (3, 7)): (1, '-'), ((7, 2),): (5, '.'), ((3, 1), (3, 0), (4, 1), (2, 0)): (20, '+'), ((3, 2), (3, 3)): (2, '/'), ((5, 0), (4, 0)): (6, '*'), ((2, 1), (1, 1)): (2, '-'), ((1, 6),): (7, '.'), ((2, 3), (2, 2)): (8, '*'), ((0, 1),): (2, '.'), ((7, 0), (7, 1)): (7, '-'), ((5, 5),): (3, '.'), ((6, 3),): (7, '.'), ((0, 0), (1, 0)): (1, '-'), ((4, 6), (4, 7)): (1, '-'), ((5, 1),): (4, '.'), ((5, 2), (5, 3)): (8, '/'), ((3, 6),): (8, '.'), ((1, 7),): (3, '.'), ((6, 6), (5, 6)): (10, '+'), ((4, 4), (3, 4), (3, 5), (5, 4)): (18, '+'), ((2, 6),): (3, '.'), ((6, 5),): (5, '.'), ((7, 7), (7, 6)): (3, '/')}
4
84865
[[4, 7, 8, 6, 2, 3, 1, 5], [7, 2, 6, 3, 4, 8, 5, 1], [8, 4, 3, 7, 5, 1, 6, 2], [3, 8, 7, 1, 6, 5, 2, 4], [5, 3, 1, 2, 8, 7, 4, 6], [6, 1, 5, 4, 7, 2, 8, 3], [2, 5, 4, 8, 1, 6, 3, 7], [1, 6, 2, 5, 3, 4, 7, 8]]
{((3, 3),): (1, '.'), ((7, 5),): (4, '.'), ((5, 2), (5, 1)): (5, '/'), ((7, 3),): (5, '.'), ((3, 2), (3, 1), (4, 2)): (16, '+'), ((2, 6), (3, 6)): (12, '*'), ((2, 4), (2, 5)): (5, '/'), ((6, 6), (6, 5)): (2, '/'), ((0, 5), (0, 6)): (3, '/'), ((1, 2),): (6, '.'), ((0, 3), (1, 3)): (3, '-'), ((3, 7), (2, 7)): (2, '/'), ((2, 1), (1, 1), (0, 1)): (56, '*'), ((5, 7), (6, 7)): (4, '-'), ((4, 6),): (4, '.'), ((3, 5), (3, 4)): (30, '*'), ((4, 5),): (7, '.'), ((1, 5), (1, 4)): (4, '-'), ((5, 3), (6, 3)): (2, '/'), ((6, 4), (7, 4)): (2, '-'), ((1, 7),): (1, '.'), ((7, 0),): (1, '.'), ((5, 5), (5, 4)): (9, '+'), ((0, 7),): (5, '.'), ((4, 1), (4, 0)): (8, '+'), ((2, 0), (3, 0), (1, 0)): (168, '*'), ((7, 2), (7, 1), (6, 1)): (60, '*'), ((6, 0), (5, 0)): (4, '-'), ((7, 6), (7, 7)): (1, '-'), ((0, 2),): (8, '.'), ((4, 4), (4, 3)): (10, '+'), ((4, 7),): (6, '.'), ((2, 3), (2, 2)): (4, '-'), ((0, 4),): (2, '.'), ((6, 2),): (4, '.'), ((5, 6),): (8, '.'), ((0, 0),): (4, '.'), ((1, 6),): (5, '.')}
4
1196
[[6, 2, 3, 5, 7, 1, 8, 4], [1, 4, 7, 6, 5, 3, 2, 8], [4, 6, 1, 7, 3, 8, 5, 2], [3, 8, 6, 4, 2, 5, 7, 1], [2, 5, 4, 1, 8, 7, 3, 6], [8, 3, 5, 2, 1, 6, 4, 7], [5, 7, 2, 8, 6, 4, 1, 3], [7, 1, 8, 3, 4, 2, 6, 5]]
{((1, 5),): (3, '.'), ((3, 0), (3, 1)): (5, '-'), ((3, 3), (3, 4)): (2, '/'), ((7, 5),): (2, '.'), ((1, 2), (2, 2)): (6, '-'), ((6, 7), (6, 6)): (3, '/'), ((0, 4), (1, 4)): (12, '+'), ((0, 1), (0, 2)): (1, '-'), ((3, 7), (3, 6)): (7, '/'), ((1, 6), (1, 7), (2, 6)): (80, '*'), ((4, 0), (5, 0)): (4, '/'), ((2, 3), (2, 4)): (4, '-'), ((7, 4), (6, 4)): (2, '-'), ((5, 6), (5, 7), (5, 5)): (168, '*'), ((4, 4), (4, 5)): (1, '-'), ((4, 2), (4, 3)): (4, '/'), ((2, 1), (1, 1)): (10, '+'), ((6, 0), (7, 0), (6, 1)): (19, '+'), ((1, 3), (0, 3)): (30, '*'), ((7, 2), (7, 1)): (8, '/'), ((1, 0), (2, 0)): (4, '/'), ((6, 2), (6, 3)): (4, '/'), ((5, 2), (5, 1)): (2, '-'), ((0, 5), (0, 6)): (8, '/'), ((5, 4),): (1, '.'), ((4, 7), (4, 6)): (2, '/'), ((0, 0),): (6, '.'), ((7, 6), (7, 7)): (1, '-'), ((2, 5), (3, 5)): (3, '-'), ((7, 3),): (3, '.'), ((3, 2),): (6, '.'), ((0, 7),): (4, '.'), ((5, 3),): (2, '.'), ((4, 1),): (5, '.'), ((2, 7),): (2, '.'), ((6, 5),): (4, '.')}
7
2046
